Subfunction Tables and functions (defined in objfunc.c)
8
------------------------------
0
Table
3
0 0 0  28
0 0 1  26
0 1 0  22
0 1 1  0
1 0 0  14
1 0 1  0
1 1 0  0
1 1 1  30
-------------------------------
1
Table
3
0 0 0  0
0 0 1  2
0 1 0  4
0 1 1  12
1 0 0  16
1 0 1  20
1 1 0  28
1 1 1  30
-------------------------------
2
Function
3
-------------------------------
3
Function
4
-------------------------------
4
Function
5
-------------------------------
5
Function
6
-------------------------------
6
Function
30
-------------------------------
7
Function
10
-------------------------------
Subfunction data
10
0 7 0-2
0 0.333 3-5
0 0.333 6-8
0 0.333 9-11
0 0.333 12-14
0 0.333 15-17
0 0.333 18-20
0 0.333 21-23
0 0.333 24-26
0 0.333 27-29
